935
260
626
69
590
199
267
300
561
509
172
378
258
131
300
754
578
53
20
6
529
282
634
480
82
486
424
693
277
770
85
676
928
523
993
55
178
508
483
825
218
489
756
481
441
808
934
102
91
776
79
475
143
398
389
492
428
268
271
440
995
678
199
765
362
240
699
702
822
296
686
609
601
20
118
760
393
508
66
783
728
380
198
6
465
908
592
855
212
427
587
318
105
334
96
27
177
31
32
50
1
159
46
61
101
16
180
172
31
38
158
59
13
91
159
51
136
129
49
34
38
121
45
193
75
77
43
13
129
192
128
125
197
53
96
78
5
177
29
125
15
164
70
125
120
162
37
41
42
178
113
134
120
58
85
106
68
137
118
15
16
172
139
103
144
43
151
103
65
113
99
59
21
63
134
155
19
61
166
142
70
66
65
575
383
374
714
689
650
920
852
608
33
939
824
772
758
318
489
431
275
630
313
202
375
106
189
831
438
793
2
172
873
330
796
656
853
88
290
220
923
605
962
254
443
370
481
359
335
343
152
647
439
740
701
939
89
725
113
643
568
811
297
635
133
153
478
664
974
278
70
494
842
779
119
320
750
137
158
714
572
496
260
102
185
241
178
902
738
346
715
879
157
137
369
836
961
448
120
58
670
431
743
859
477
448
497
627
147
95
625
544
584
209
210
528
496
525
954
242
709
489
738
234
3
43
41
15
29
13
34
40
26
37
174
855
797
518
284
954
594
496
474
74
500
416
369
140
250
171
627
699
922
489
522
564
103
736
31
819
434
246
800
863
134
529
757
497
457
428
790
132
528
348
972
808
498
398
594
46
272
423
571
696
118
819
666
661
45
857
315
456
803
272
174
588
580
741
685
13
225
693
330
825
315
624
557
713
321
820
215
238
525
982
873
666
831
18
902
47
178
451
38
976
605
794
173
626
294
540
557
375
541
764
725
859
224
297
419
749
424
688
411
768
21
782
591
594
32
116
67
90
883
198
505
960
791
148
814
724
976
998
710
503
578
598
872
342
523
708
580
982
935
964
292
880
87
418
292
804
112
973
646
548
625
945
675
816
920
744
306
455
438
214
958
276
163
140
328
454
278
344
196
252
379
895
180
890
768
390
962
207
982
530
830
330
18
614
117
582
611
529
885
396
869
207
534
558
947
309
321
537
843
